np <- 2
nt <- 54
nObs <- 53
iObs <-
c(2, 3, 4, 5, 6, 7, 8, 9, 10, 11, 12, 13, 14, 15, 16, 17, 18, 19,
20, 21, 22, 23, 24, 25, 26, 27, 28, 29, 30, 31, 32, 33, 34, 35, 36, 37, 38,
39, 40, 41, 42, 43, 44, 45, 46, 47, 48, 49, 50, 51, 52, 53, 54)
cmt <-
c(1, 2, 2, 2, 2, 2, 2, 2, 2, 2, 2, 2, 2, 2, 2, 2, 2, 2, 2, 2, 2, 2,
2, 2, 2, 2, 2, 2, 2, 2, 2, 2, 2, 2, 2, 2, 2, 2, 2, 2, 2, 2, 2, 2, 2, 2, 2,
2, 2, 2, 2, 2, 2, 2, 1, 2, 2, 2, 2, 2, 2, 2, 2, 2, 2, 2, 2, 2, 2, 2, 2, 2, 2, 2, 2, 2,
2, 2, 2, 2, 2, 2, 2, 2, 2, 2, 2, 2, 2, 2, 2, 2, 2, 2, 2, 2, 2, 2, 2, 2, 2,
2, 2, 2, 2, 2, 2, 2)
evid <-
c(1, 0, 0, 0, 0, 0, 0, 0, 0, 0, 0, 0, 0, 0, 0, 0, 0, 0, 0, 0, 0,
0, 0, 0, 0, 0, 0, 0, 0, 0, 0, 0, 0, 0, 0, 0, 0, 0, 0, 0, 0, 0, 0, 0, 0, 0,
0, 0, 0, 0, 0, 0, 0, 0, 1, 0, 0, 0, 0, 0, 0, 0, 0, 0, 0, 0, 0, 0, 0, 0, 0, 0, 0, 0, 0,
0, 0, 0, 0, 0, 0, 0, 0, 0, 0, 0, 0, 0, 0, 0, 0, 0, 0, 0, 0, 0, 0, 0, 0, 0,
0, 0, 0, 0, 0, 0, 0, 0)
addl <-
c(14, 0, 0, 0, 0, 0, 0, 0, 0, 0, 0, 0, 0, 0, 0, 0, 0, 0, 0, 0, 0,
0, 0, 0, 0, 0, 0, 0, 0, 0, 0, 0, 0, 0, 0, 0, 0, 0, 0, 0, 0, 0, 0, 0, 0, 0,
0, 0, 0, 0, 0, 0, 0, 0, 14, 0, 0, 0, 0, 0, 0, 0, 0, 0, 0, 0, 0, 0, 0, 0, 0, 0, 0, 0, 0,
0, 0, 0, 0, 0, 0, 0, 0, 0, 0, 0, 0, 0, 0, 0, 0, 0, 0, 0, 0, 0, 0, 0, 0, 0,
0, 0, 0, 0, 0, 0, 0, 0)
ss <-
c(0, 0, 0, 0, 0, 0, 0, 0, 0, 0, 0, 0, 0, 0, 0, 0, 0, 0, 0, 0, 0, 0,
0, 0, 0, 0, 0, 0, 0, 0, 0, 0, 0, 0, 0, 0, 0, 0, 0, 0, 0, 0, 0, 0, 0, 0, 0,
0, 0, 0, 0, 0, 0, 0, 0, 0, 0, 0, 0, 0, 0, 0, 0, 0, 0, 0, 0, 0, 0, 0, 0, 0, 0, 0, 0, 0,
0, 0, 0, 0, 0, 0, 0, 0, 0, 0, 0, 0, 0, 0, 0, 0, 0, 0, 0, 0, 0, 0, 0, 0, 0,
0, 0, 0, 0, 0, 0, 0)
amt <-
c(80000, 0, 0, 0, 0, 0, 0, 0, 0, 0, 0, 0, 0, 0, 0, 0, 0, 0, 0, 0,
0, 0, 0, 0, 0, 0, 0, 0, 0, 0, 0, 0, 0, 0, 0, 0, 0, 0, 0, 0, 0, 0, 0, 0, 0,
0, 0, 0, 0, 0, 0, 0, 0, 0, 80000, 0, 0, 0, 0, 0, 0, 0, 0, 0, 0, 0, 0, 0, 0, 0, 0, 0, 0, 0,
0, 0, 0, 0, 0, 0, 0, 0, 0, 0, 0, 0, 0, 0, 0, 0, 0, 0, 0, 0, 0, 0, 0, 0, 0,
0, 0, 0, 0, 0, 0, 0, 0, 0)
time <-
    c(
0, 0.083, 0.167, 0.25, 0.5, 0.75, 1, 1.5, 2, 3, 4, 6, 8, 12,
12.083, 12.167, 12.25, 12.5, 12.75, 13, 13.5, 14, 15, 16, 18, 20, 24, 36,
48, 60, 72, 84, 96, 108, 120, 132, 144, 156, 168, 168.083, 168.167, 168.25,
168.5, 168.75, 169, 169.5, 170, 171, 172, 174, 176, 180,
186, 192, 0, 0.083, 0.167, 0.25, 0.5, 0.75, 1, 1.5, 2, 3, 4, 6, 8, 12,
12.083, 12.167, 12.25, 12.5, 12.75, 13, 13.5, 14, 15, 16, 18, 20, 24, 36,
48, 60, 72, 84, 96, 108, 120, 132, 144, 156, 168, 168.083, 168.167, 168.25,
168.5, 168.75, 169, 169.5, 170, 171, 172, 174, 176, 180, 186, 192)
rate <-
c(0, 0, 0, 0, 0, 0, 0, 0, 0, 0, 0, 0, 0, 0, 0, 0, 0, 0, 0, 0, 0,
0, 0, 0, 0, 0, 0, 0, 0, 0, 0, 0, 0, 0, 0, 0, 0, 0, 0, 0, 0, 0, 0, 0, 0, 0,
0, 0, 0, 0, 0, 0, 0, 0, 0, 0, 0, 0, 0, 0, 0, 0, 0, 0, 0, 0, 0, 0, 0, 0, 0, 0, 0, 0, 0,
0, 0, 0, 0, 0, 0, 0, 0, 0, 0, 0, 0, 0, 0, 0, 0, 0, 0, 0, 0, 0, 0, 0, 0, 0,
0, 0, 0, 0, 0, 0, 0, 0)
ii <-
c(12, 0, 0, 0, 0, 0, 0, 0, 0, 0, 0, 0, 0, 0, 0, 0, 0, 0, 0, 0, 0, 0,
0, 0, 0, 0, 0, 0, 0, 0, 0, 0, 0, 0, 0, 0, 0, 0, 0, 0, 0, 0, 0, 0, 0, 0, 0,
0, 0, 0, 0, 0, 0, 0, 12, 0, 0, 0, 0, 0, 0, 0, 0, 0, 0, 0, 0, 0, 0, 0, 0, 0, 0, 0, 0, 0,
0, 0, 0, 0, 0, 0, 0, 0, 0, 0, 0, 0, 0, 0, 0, 0, 0, 0, 0, 0, 0, 0, 0, 0, 0,
0, 0, 0, 0, 0, 0, 0)
cObs <- structure(c(
  359.239725273613,  359.239725273613,  662.647763577673,
  662.647763577673, 1106.239476267280, 1106.239476267280,
 1185.258625862270, 1185.258625862270, 1802.426303382290,
 1802.426303382290, 2296.478969372770, 2296.478969372770,
 2008.044121226160, 2008.044121226160, 2000.940010205810,
 2000.940010205810, 1115.288483874880, 1115.288483874880,
  902.769414322048,  902.769414322048,  445.989900210258,
  445.989900210258,  285.638744806589,  285.638744806589,
  333.509854464029,  333.509854464029,  664.522440159846,
  664.522440159846,  960.044660816181,  960.044660816181,
 1157.243188318260, 1157.243188318260, 1593.585110790020,
 1593.585110790020, 2170.227687670460, 2170.227687670460,
 2175.568391055180, 2175.568391055180, 2168.621587178100,
 2168.621587178100, 1987.279416447050, 1987.279416447050,
 1664.690926042630, 1664.690926042630, 1036.714355669380,
 1036.714355669380,  586.567512366466,  586.567512366466,
  598.166776478966,  598.166776478966,  456.911484801004,
  456.911484801004,  602.102501350673,  602.102501350673,
  674.423595997990,  674.423595997990,  718.274895672445,
  718.274895672445,  657.555037424762,  657.555037424762,
  799.864867801669,  799.864867801669,  732.697595097764,
  732.697595097764,  710.706629167781,  710.706629167781,
  699.163030339527,  699.163030339527,  808.881505713484,
  808.881505713484,  752.393539899100,  752.393539899100,
  817.291984927985,  817.291984927985,  856.791824709865,
  856.791824709865,  977.407712393251,  977.407712393251,
 1411.311131826080, 1411.311131826080, 1680.129953061030,
 1680.129953061030, 2245.114087274790, 2245.114087274790,
 2387.247221075410, 2387.247221075410, 2587.936639459250,
 2587.936639459250, 2861.583734535900, 2861.583734535900,
 2017.311889963550, 2017.311889963550, 1977.370167782360,
 1977.370167782360, 1494.397815902540, 1494.397815902540,
 1425.588275758550, 1425.588275758550,  912.015573364201,
  912.015573364201,  678.735368078007,  678.735368078007,
  702.439657846077,  702.439657846077,  554.634757309262,
  554.634757309262), .Dim=c(2, 53))
